# Calibración de cátedra cámara OAK-D RGB preview - TurtleBot4 #0
# Usar con prefer_camera_info:=false cuando se quiera fijar esta calibración
# y evitar que el camera_info del bag la sobrescriba.
# Orden de distorsión rational_polynomial: k1, k2, p1, p2, k3, k4, k5, k6.
# En nuestras pruebas, truncar a D5 explota la reproyección en el bag laberinto.

camera_matrix:
  - [203.14, 0.0,     122.57]
  - [0.0,     361.13, 123.33]
  - [0.0,     0.0,       1.0]

dist_coeffs:
  - -0.9904393553733826
  - -47.16939926147461
  - -0.0007601691759191453
  - -0.00031758102704770863
  - 306.0343933105469
  - -1.1441469192504883
  - -45.59364700317383
  - 299.4920654296875

marker_size_m: 0.0889
