# Calibración fallback cámara OAK-D RGB preview - TurtleBot4 #0
# NOTA: el nodo usa camera_info como fuente canónica.
# Este YAML se deja como red de seguridad offline y replica la calibración
# real observada en el rosbag del laberinto.
# Modelo de distorsión: rational_polynomial (8 coeficientes)

camera_matrix:
  - [203.137, 0.0,     122.573]
  - [0.0,     203.137, 124.059]
  - [0.0,     0.0,       1.0]

# Orden: k1, k2, p1, p2, k3, k4, k5, k6
dist_coeffs:
  - -0.9904393553733826
  - -47.16939926147461
  - -0.0007601691759191453
  - -0.00031758102704770863
  - 306.0343933105469
  - -1.1441469192504883
  - -45.59364700317383
  - 299.4920654296875

marker_size_m: 0.0889
