# Calibración cámara OAK-D RGB preview - TurtleBot4 #0
# Fuente: calibración manual validada con bag aruco_estimation
# Modelo de distorsión: plumb_bob (5 coeficientes k1, k2, p1, p2, k3)
# Estimaciones validadas: 0.30->0.28, 0.695->0.72, 1.01->1.04, 1.49->1.52 m
# NOTA: aruco_detector_node usa camera_info en tiempo de ejecución como fuente
# primaria. Este YAML es fallback offline. fx != fy (sensor rectangular).

camera_matrix:
  - [203.14, 0.0,    122.57]
  - [0.0,    361.13, 123.33]
  - [0.0,    0.0,    1.0]

# Orden: k1, k2, p1, p2, k3  (plumb_bob, 5 coeficientes)
dist_coeffs: [-0.9904393553733826, -47.16939926147461, -0.0007601691759191453, -0.00031758102704770863, 306.0343933105469]

marker_size_m: 0.0889
